416261234 -111333411 1222534428 -1416609931 1657213822 -1198186454 -1491805761 -1818513033 673334461 -1316197087 1348203928 1876911263 -1449726613 1959547308 -1906911368 1394810025 -564903081 -1523130433 1786523620 -1868739626 750348539 2101148896 681663821 -59454192 1073612492
245274500 312581202 800761299 1718544652 -163193236 494285126 386113405 472619288 1414373360 -1919852497 -526207314 1719948538 -1284814537 915596552 -769085925 -1758293883 -571918570 -51708691 827420632 -1160256651 -2067351098 1136636346 63609392 1316911025 -1993859114 -1939293199 974489012 -2051303473 -1094189982 -710074655 -1069868906 -1601297955 460987525 1576788739 -1281819849 23781982 -1813782517 462131878 -243990019 -1165681773 395635051 232938703 -8593302 -1249788677 568744179 671285850 -215647894 -1096282341 -2001336507 127463780 138305771 -192227455 -1451855103 -1371524372 1866687154 55654662
-1800663369 -96525716 1198969940 909513807 1849264501 -2136004349 1531899048 -1431011829 -324460255 2030760755 -1794206505 -1591242835 -1987220563 -1768630948 -992073579 1886334260 1941076957 2100611225 -1011706379 -1572665573 77344882 1888122128 -1867302101 1702895308 -1015557749 2019888523 1274633369 -1721393581 -910188472 -794505144 247625480 -543492269 278215856 -1233960692 -1291914699 -771457732 -1631451692 771518589 314242960 671805118 -56960972 866444465 729248063 1213047416 -1627992480 -950208766 778401128 1862159092 -348198942 1231797027 -1395220048 1637909975 -157894053 -216480904 1415129854 1037478484 2138869995 -1539483999 -1474386557 -1651995934 -834560554 1849354839 -1313289986 1447566894 -73325981 -295831685 573027644 -6077615 -1882738425
-236356898 458298693 -578163261 2092481176 1668475998 -702774891 -274960182 1347033173 -881460397 2018842196 915713894 337582065 -1646647820 -1951777969 1888816923 -2061837561 -1450198822 -1176221051 -318470388 -1903578860 -525407991 1731345367 1775530909 -1875801015 -2116023760 -218507269 1256030297 -1053528158 1947886896 1988339382 -251212778 -10278346 1788572378 1488653386 -59200681 -2052066351 1020296956 1691241004 1833872624 1196801727 1359542174 1979799289 -414006032 826430186 426241161 -1463696981
-711031257 1156547336 926487559 265777013 389096908 1122591218 1233021017 1857228197 823027077 698046951 -1772149149 455801626 -338761881 -1704473128 1958878098 -1982284792 1101443397 1097703373 505897587 -667632009 -10116286 1974707682 1140510052 -495222563 -823114841 -181933166 -1835677554 -1586757880 1364784118
1495852818 -1048213183 -1599151297 1818618833 -862679166 1462331822 1830375857 -412463355 1874557842 979827704 1932196211 150412137 1028718351 679418669 -607997772 387596030 -1731180017 -1567225370 495687936 -1693809155 -1654056343 1591294124 -1233096747 -119152170 -1652453273 1708166807 -570764170 811506805 53746362 -420931529 -1894738178 1509030854 -315904595 -675200840 -1131518793 -1259923077 -89146979 1604122944 1962960300 1492972300 -1865116504 1441428123 1529782140
1088179108 237391130 1467756913 -339243927 -669053357 -956800329 1442168272 -1973654092 1938926292 877694845 1691128946 -584534111 -680276901 1188895782 -1933479277 539825040 1578561828 -324358395 1373301737 -400659457 1514818468 -1722292442 1274073336 -2128611760 -1979251966 -565901901 -1521015132 208508110 -1615100219 -825603687 1334346503 1740362993 1665919437 -804920982 995681156 2040729057 315127943 1635555204 154619932 -1614847176 -1925513637 1641454707 932569087 1971826700 855535209 -206302317 1727329126 175742507 -31726731 -131381766 -2054703457 1935240616 224602911 -1052991596 -1791671703 -1054330730 363090007 883350158 -686101119
-120399601 -918029064 -588668036 705554312 707963697 752749733 -876522281 -762339538 -1002844974 -1346069163 -892677044 -114084141 -137268312 -293954283 -1962822298 -223717411 676599737 1468924646 1118109783 -2113745521 -213025451 -968801379 -1495347447 -493592950 433908294 1092137225 -23058574 1932802711 -1024918971 767305562 -1951422676 604700835 -1940404562 -881087296 1069470788 313958666 91575671 965470034 474163025 -80633832 1356694366 -1879470799 571286216 1401781451 534633825 -526306579 1516833679 354828254 -6873741 845880358 473568975 -1412335870 7159404 2061562486 624566542 317399150 1171282752 724403854 -1349172612 1699170970 -1504195213
666489996 -1472762810 -2050212148 1098259706 850050246 1061075136 -1017863608 -984912390 195760347 -1644104601 1891977297 -1490181087 -302553095 -1666478742 -61898193 679895936 -441291424 1892744405 650348735 -374000292 2003798069 631944142 628988513
-1725977450 1932925211 1932690486 892776234 1456581102 -1209705754 1432291979 -801514781 -1560769911 1424300228 -262085489 -1167936082 -2113939350 -1115411981 -780714164 117014820 1428085596 -1352989725 928250836 1623081772 769205318 -2036038409 -1496965958 -205547432 195819971 -1055774836 -996600124 1373751439 -984778254 226615609 927725790 -2001731091 1339786633 -795069864 -436297904 1414258150 -1784297424 -1580914235 623011379
757035532 -919379739 -664858847 1588167395 -465930599 1403794410 -889991637 324396377 909599932 -2104182188 937931279 1186328411 -1357763560 -1678031942 -522462294 -373448963 -647666784 -835363639 142948523 -250350648 1327687020 -1444241267 66762121 422538138 -1407593520 -735782417 -413132106 -238884406 -1875944533 -192792194 -1773860588 2146397327 1202767868 -2110872719 1771227560 521221281 -1753564486 689265132 -749017971 -1673182432 706387683 -804485246 1199813418 858673589 533506005 1422945787 107962791 -783374089 -829820451 1673280854 -1215491172 985561359 645896205 864737041 -2071257077 -1654876003 -612314286 -1320549977 1172084880 957468125 580089541 -498151335 1840484310 -761461243 -724083391 161628977 -1967860915 484515570 1140759605 -800496829 1052838937 2031298306 966102970 742154037 1534753613 -625854653
-1391170558 -319961768 522210252 1455062884 -676303366 1983348927 1145421419 -1708248259 1066184204 -1687716852 69158784 1632293880 -2054545593 847113989 -21976792 993558505 -2069497698 -93451487 -1227593571 -1690265917 -169171221 1976868663 -888981029 -1550064014 837770038 113820280 2008285575 1614172456 1875622198 85441183 798986508 532562102 -1145476585 798789990 -314474233 -135824612 -1560963203 1333202235 1923206628 -1339151261 1259377352 -538115788 2131303113 -169854551 -386257767 -84137921 -1074020686 -637521540 -1543667563 139591581 -101318692 -1091146389 986134888 -842902384 1210458471 1849309402 -658665203 -1934853806 -150526154
-1868459701 172643657 512324633 -1647881560 -890939262 1759757433 -609966546 -1247090706 -1969527129 -124519878 -1593813629 615369958 -408996212 -151659734 823630080 997293133 802662244 552043108 1008039300 880908776 1081604742 -1808911 2129042253 -1355190752 1261201777 -1334260098 1910445468 189597396 510367760 675845711 -904343400 -1870458517 1811310398 -1689361549 597301618 -781598169 1898179467 -661139143 1503755465 698506433 -634418112 1377189090 1080469328 1845768753 144412320 -127719017 1719020718 -946788404 -585461392 1305636765 633886885 2135104404 1536605369 -1290032442 -334401931 156940747 -1944737332 1183292458 818674306 -2008180791 -1180416121 69563159 -463201740 49981455 23477973 -1521012411 955571742 -1263969381 731421562 -146563506 -663279006 -792132483 789560592 -1515225508 -262948526
-239807412 1638334499 -717216677 30268431 -972590971 -1535404526 1852380958 -604738328 -2098470537 1462349508 -2106978081 -258603693 -1739099837 1333592252 2109036578 1412761376 754432698 -964600495 1326777491 -1151123734 -1627217958 -1036435737 -1642577114 -609206422 -114252648 1987216991 1724790910 231841290 1421586911 556080080 274867602 909763768 1180206296 357459574 1732424334 1464618237 1723944556 -285749270 -1447525386 -324495283 -1681111290 725993107 -1653703151 1525389728 -713999715 726659932 -1615832444 1073103937 -1764929295 -2024106329 -414550980 1050039269 2120521236 1158955136 -130028143 1250484734 1993672491 771381269 893031592 1619033169
238691942 -890623464 -1369599802 -1172020852 -410298312 213839311 1130447486 -405030677 702294862 180721206 -1945109462 1879150512 1282849499 1546196371 -755346534 -648051551 -523624654 591450543 1140331156 1649782132 -1820764993 1700278712 466254055 1388228938 -469950918 1271309928
-56850564 1984255512 -2084728731 1376093753 -938746214 1201234757 413378795 416595769 -497520720 935249168 405524647 -1389651845 1424802251 -328734105 2043635942 716327656 2071732667 912050243 -214787345 786015274 560845337 -1594760347 175845804 -1970337406 1501345675 2088354114 755558799 -458402856 1206846790 2124936251 1317558962
1006480852 1872508688 2017976640 -1772734806 1077648407 1790921622 1028139027 2036904315 -1471612787 386044072 -1560790626 439238363 -2078343468 766411611 1126644493 1361611501 2063935345 1895538549 666121642 -1141665737 -1710708276 1198805790 -1238986110 1064801394 -1747215746 -170526249 1725967432 981311137 -225367601 -2112744788 -1824253064 -1865631132 -553597318 -1234164315 1580966079 -494429043 233973938 1189350529 1026871705 250051827 -590313111 2075366054 2068638524 904542598 784566735 -423518126 -552439884 -950593885 1005621016 -343644905 1936290126 1608429737 2005898882 1477391749 132034618 -1538264372 -559233642 -17821656 -497258901 1881483048 -1324336467
234757570 1430877209 -1468931659 77906047 -823243670 -131573047 522670389 149260078 -871599227 2048789258 1824650125 33265331 449743880 779657317 -1159462782 299573110 1387040226 -525886350 751766266 -2078297646 1369587043 775434857 -534305021 -117766718 1026943707 -367904775 -910955495 -635696677 1094256769 1095946072 -38217816 -628920963 1902230167 -631300454 -1793928241 1071258181 1126876618 1704634438 518055526 -1540271931 878280670 -372106970 -1235596222 -1185194889 643802762 1713676127 903120055 -2037968146 -1446428512 1833115328 790630749 1018663501 893709681 -209856930 -427102697 1783952125 64439918 1334725472 1698956625 1353310362 -340773102 513051926 835396744 -487764435 -450662657 1671177808 2110600463 1958132128 -1917627801 2070826989 -930824945 -122768786 -1204810579 -876857166 2142432462 2134153113 -152917685 -100305316
852345057 165041909 -800328713 704896139 -1665038542 -1479526145 887615856 1440711302 2055790685 1185442555 82045033 -1524806524 -1007713781 1304238758 -1905169844 965527829 -852508691 -1788683261 -2004530270 -1159437892 1060215096 -1094476856 -155537243 1277865462 900245840 -355478535 -2105422061 238252667 1716776899 -1426331949 -1650951868 -1470705469 828220280 -574766102 -1156069762 -571643189 -1073183449 291322773 625175688 -830177512 2008769803 871081097 1409064573 1013530876 -1957507114 -581060669 595821793 -1185222377 380376805 -1693661525 844079865 1210546720 534521781 -258822282 -528958122 1139709413 -105388396 -2092551221 -1599138381 -553402736 -1418002277 1104385449 1264259072 2082959403 1018521819 -1698193785
2035580517 -1837697835 -1449036612 248235149 -1276738923 506711087 -60693727 -1912221438 1454024191 525574053 1775564532 -2020471106 599542870 17357629 -1120069633 -23423813 -366779774 1043089342 2094333688 568130793 -1170057821 -1347629214 672149035
-2139228588 -1226155574 1054330966 1248114295 1131007027 -11668687 -1636032045 1521201438 1852284321 -1193233692 300992508 -1308292505 1800482758 63313137 -882066742 1038792547 -1313897769 -1852458210 871146687 464211402 1081282203 1088145693 -1952391931 -2027299502 -732642518 398872573 457072599 1303480901 -1052782088 -1468433182 -1279497952 1372568909 211845905 -1427407112 1451136353 151059602 -1317758299 -1060874076 -1517966121 -1809202682
-1496510468 406813916 429253375 1807822193 3994233 2016437133 533617925 -1736236341 -773136405 1329033644 -1388405779 -1534136404 1230229676 1373128392 245337382 1348077664 -1664677096 1761872795 514856018 452653995 1914420284 1921855154 1378333976 -998239730 -10819636 -1542994093 1279886904 89462088 -268180646 1536344730 1481294303 1242164255 1631637701 589577957 1663141691 -1632229792 314821615 1874180465 1569038674 1063261475 1079820210 -866979259 -1070176497 -1686164653 -1260186093 1675143758 305531037 -433757588 957200312 1499373515 719052280 1926473606 -343470441 -652579606 -1381725503
-1439563792 -398512973 885001041 1533082084 175116668 -2076702171 1724579599 2026503153 1854418406 -958784098 -48118778 -1845180071 1146141818 1477196927 -1877919823 10628391 204931100 740925199 -300797671 19169622 1256780154 1129218207 1081739297 -2060532329 1250297989 252452335 1272692256 -1480073648 -1785812708 871609808 -1980064848 182730728 1427187466 1363046410 -1746380859 801671745 1611568434 1020415615 -1175053311 66836613 1929434120 54693008 -641664443 -89601754 118395715 -328462145 102213515 -88571361 -535741744 -1674259308 -637497358 -1931266689 576450313 503277253 1426364442 782625319 -2072894426 -1630409840 1012146097 -1480225583 -1597016845 -800964757 -2019485362 604212565 533311683
786582397 -1842836441 884036772 -681017679 -991883494 416144420 -85728301 -1427676350 380903138 144104589 -1832463502 -1839727048 -815838138 -1894289581 1524170104 2076103516 972631426 229969812 1634979560 623648197 1496652014 -1599845275 -1078680251 989778486 -364838508 1543285714 949620548 493544388 -1614018302 -1678165470 1877468355 -636703044 436460128 -1977857698 -1105171974 -829575742
2136024340 -250613265 1929174333 -1709917500 193904216 -1102334929 666857714 222844236 1110086667 -707016262 -1440432145 1960232882 389765983 441681214 1039305386 -907329785 -2107691878 -1206216056 1206714216 -28313937 640759833 -1965242057 1202725091 -2023341004 368527255 1295842994 -60394714 963841110 751800239 2135171931 1380127420 -1567296154 925603230 1121126148 744725001 607840979 -387109554 -706600799 -1977583370 138855941 2085016463 -137292481 504931028 1433481321 -1613698905 -994887115 -1968195975 574689996 -1856401652 916817560
406463981 1863135855 218998771 -875292465 386627660 -1242432772 -882299337 -1759402072 -624951992 -477056800 -2142305552 -304478044 -310347416 1430901771 817143737 -1515545299 1452761080 -495064010 -290736142 1453967948 -1973652009 -1415817945 -1796978257 1172531347 1387744655 261884723 -729134605 1298255421 1262809254 1335245828 685072413 431675283 1075726899 -982343780 2115265698 -2084925040 939665075 -1559110247 6657788 1782278855 998169885 1667400378 -471351583 -959050108 1608840499 -1567536479 -868242248 -1240379855 797794074 776847834 923848008
-23916500 1193837596 1539228850 -1331240523 -322365171 1084267213 -306625375 -1559616772 1890814204 -1295401013 619876799 404345242 215659115 248350825 624192618 -1408568017 -701127472 -1423590217 135155879 -1903509746 1625419709 -712089850 1498628438 -187775132 2100036398 2073175978 583832231 -242648929 2068627745 -545490687 -1003853876 1898925324 -713681812 849874868 -812525585 -2137013566 -1626234678 -271453380 884207206 -1743836738 -1162747850 1418488488 -614991323 -2109951921 -10010244 1214642588 -839458700 1657950644 1462770700 -2028688996 -1800640799 -58553597 -1001157359 -1321852022 -341923721 1917975115 -1075539519
-1790236113 -2051453956 -1179913482 -1609637773 1546404518 -1758586233 -1366501891 59304760 253806864 644326465 -413071698 522515528 1009467244 362707852 1820806844 -1551085342 -188945416 -984312520 -1825608114 1504838655 18126311 522541350 370444750 1078983058 -1937778351 -1678534354 1427120383 -974769648 -1379318165 650482242 -620960939 713204273 -586366985 -1073914925 -117312128 -1144993032 -1110520579 -425825933 -959153079 -1495511567 -389361221 -449379653 -502890334 -392035911 263676889 672060782 -396918537 -1782625597 -578867743 413795806 -2090056758 2007481432 -94366227 -1581096562 1687732094 927286751 877239201 1557043224 1321216882 -148410274 -1007771301 -1991664047 536645201 120221760 1032721577 -1133862998 637558183 -69791912 -457627141 -937418280 741999288 -397888731 -1147854951 -1608040777 -85305204 1115095895 -612254762 507648107
1536488594 -34801019 -249631800 -981573417 -1727054991 -609247828 -558668557 -1862311292 1255173069 1725273463 -656008631 1695694927 688998462 1232106351 1553617279 -1975616227 56624609 1665228011 -1110412535 1351439444 -739145637 -890556218 -1848651841 907294896 1509677598 -1523264430 1886690494 866643031 873030891 -1326523509 34032012 -1172273622 -1809273193 -544276337 1571853439 -1203242915 2077531665 -1664672179 1609564510 1897000009 -1599239006 1501864573 -21981624 -1001060480 -572807305 -1809798449 66192084 -282399199 1551328604 1868054886 -1363503751 1704826478 1608324298 656895111 -697785552 -1029848677 496813603 2098791821 -2067774121 2124918248 -66578885 -397898976 -377712168 372790769 -2106352358 -1083022682 -856051318 143053124 -1151728385 943865080 -1593870121 -233133516 -1897198168 1842778713 1158309534
74514384 1416325539 -253022887 -747539514 1989891321 -1332879678 1265838722 -569477923 -1301964949 -1470292890 -312053710 -1183902496 238927483 477412596 -917355253 -1355209943 -1484944624 -1620588867 -1586413992 -1828920563 -1015109533 225621873 -1145808782 -902936971 2009699589 -1786883371 -476401307 769572269 643536934 -1879824205 -403191342 1084469372 2013284115 310445586 -1436389354 1698886772 -2088804608 -1997486681 1963243947 -494938998 -181930233 772944779 875015886 1392016872 -884060560 1934161965 -648311710 2125260289 -1713259726 -715211127 818397204 -1278902810 93617338 1485048217 -868482370 1187071703 241661674 -1350275828 -45206256 -2070406115 -569894556 -1573315275 -1368989075 -1126742506 -1332807929 -2004874682 -329740782 462138001 1779552697 11336381 758918781 1680748124 -647750041 2110609693 -2012251381 -1526981606 613238089 -361846559
644785241 -2043927958 -1557997907 -1260934125 -98448670 1081313895 670881734 -955281929 11294035 1659098998 2029210820 -1642319391 1005555435 -543046998 1975393158 -1192118538 343864740 613092724 1503605861 1624534614 2049778823 1865269100 -2049575253 -1146431361 -1429434565 -640746415 -176166842 2041025778 -200809762 1727706702 -1834961736 -642766825 253698071 1491452030 288794449 382712669 747881067 -293599822 1105204384 72563621 1805617360 967632753 -51812570 -1877050912 586593151 1962150207 -807222451 -643812874 -149959922 -614659038 -1504217448 1908743145 2067285181 525139553 1496360474 2074635066 -681666545 -849050737 -1158680532 -1195220853 1240439196 181008583 -1601833639 -465841787 346959653
173276317 437766907 -2109099799 -956963101 -567859505 -1101876913 -639071178 591453091 1022289242 1881703188 -1155400894 374777453 -52975565 -190176779 154854971 -1325795111 -41027834 -1276918316 489111963 -113628959 670919090 -749404619 -602767935 1262070503 -400411656 966583773 -783885379 1112778748 -1246021522 -800887626 -545997973 -1760676769 -350890311 1135795189 869807810 2031807043
-855443330 516726381 2021649620 1272947848 1600743302 1715645339 -1709205636 1864913376 -365348486 -1199080685 -898278047 717098969 1788198687 -1776835190 1505926450 1388451355 -744813319 1763379512 1598975267 885271249 -1828663055 1977292968 -368598219 1994211229 -1050517967 -766590257 1678286266 782395852 446763858 -252426144 -395276264 1716693450 1250197177 1709347422 -402761780 634729944 772662589 427875826 85269938 -331006981 -1993666803 -471019138 -1147975806 1629703991 -1529970991 -1409003791 677936541 1628697597 20018958 1317640028 274712842 -1667891231 359035342 1244500933 1499401658 -292372337 782823039 229988155 1168991507 -1202381313 1094826523 -1154666966 1776688299 -1080808472 -1599793783 -1083388176 341204308 -988750223 2128764482 357924784 2078260824 -972171730 181607736 -647215771 -581285627 1138980682 1928437746
-988499861 576831487 -962756613 -752346858 918143331 -2099998130 454474877 837641341 -1798418732 1033266412 -757183960 131636887 -227860943 979931003 -407552681 -1515813751 -2113234875 1468507641 2137125493 -508342516
-203057283 1676990621 579097147 -713276746 -1587903457 -1749237120 682313391 1436907440 1261993528 -1246436981 -1435725880 -1228349470 -71456053 255119177 -2142039219 604593400 -761039550 290277637 1366390327 1622610377 398510684 -440237645 968479433 -1683103524 966823525 390016527 -103662620 -1539387604 139248296 1013559046 -1621253736 520507183 1537347106 -197722539 -736761090 1320007700 1233558903 1433223536 -896706236 1337355596 110792233 100804260 238716936 -1689159092 -492349177 -1960873857 -489447702 -1674664304 -1669926941
-1036875684 -1252375070 -1911389561 508594600 1631928763 1861306588 770973416 1453867339 1093310627 1927762346 -1028284260 463358148 -1832064642 -2053975788 1350214537 1512054131 1313977182 -563122245 284847582 2099626126 500045068 -439924830 -1142291129 903444036 -1189247135 -671632912 -2066357412 475648806 -1061590829 -1626428173 -1333920423 683981762 205860434 332013160 -1514269932 -33539440 -663990956 131233273 1077377323 664817682 -1276366034 10384390 1016124028 9904438 2121653670 1829116071 -629969703 -615569410 314042565 -1419313423 1052062972 -73053598 949691888 1000122488 -476482120 -365757580 2059997241 -1959559915 486659697 -323564859 1144304114 -2090499351 -1240707890 -211024377 -455880829 1004278433 1009907116
-2126550147 1394740219 616958293 -585083027 -1932527634 -1838788985 -1946984719 153288164 -499463946 -706315598 2068460348 1496101887 1358666906 576077568 148317817 434818421 254692312 1243067800 30909862 -840891076 -852887302 1063097861 1957638896 -1394503963 -1687138513 -493338822 1074020712 581589574 -1315395754 -1021649449 -1205692425 1872784729 -955767267 1660301994 -1825804401 1254914147 -1044043958
797098147 -1865807784 1170573912 -810790917 828404696 -896730243 1023194181 764235054 -1674876420 -1359537073 -278439254 -607643447 1555664695 -579729757 799042571 -564036857 -1829278337 2086648590 -1922324112 -712573778 1581314641 1450607750 1364706612 213417808 127163293 -1673325496 878910236 -1279486514 -623738879 -850003972 -1582606933 -429694691 62842426 491769367 -1209953101 -1911294644 933584855 777116801 -373167825
-1330504914 1519316343 -781829552 981336018 258236564 1276286641 -1489377323 1718578787 -1739362617 -91009337 -2083209825 39770638 738208431 -1517947697 -1453781884 578828886 1793431110 988786251 509213795 1649173807 346374867 735919938
275094977 -1521733027 -1271578452 47574768 -1888498836 41933918 1997330706 695388351 1367776524 724191671 1224530806 -47913295 232529021 -97027100 -2123403153 -471122241 -542214559 1197839216 12365208 -1981670237 -76809696 -615749205 -1251033301 2011313326 -288844240 -1931964007 627869672 -461533224 -755477355 1908470828 -766256325 1339467032 427203499 -1069712458 423277981 364852214 1408907043 -105348456 -274655431 -229526434 1941073226 1268513087 -2923309 -2062454859 -353786735 267810641 -1332251931 -1966434511 317611337 -1161581534 -2063818998
1860928429 -1117330836 -1949721696 -340735717 1466261029 1738378047 -1064775257 1174384485 1235262409 656081974 -455181073 -1978232074 1183663907 -866251541 1977738866 585732781 640131385 1868799916 -1729797890 -927604366 -1830999863 -387833490 -1280381929 363329861 346313174 2146639105 -2015518438 625568660 -2124828317 -943653499 643190437 -980753716 -1478647426 -936281060 -1739332042 -2139870927 -1181113985 1994175712 1180606482 1271744754 -221972847 1982600983 -1405683353 -978249353 825512049 -1233410907 -370151244 -215298562 1945663094 1405826241 4596840 -1375381147 -808697648 959753707 -1493714999 -1710441656 -309173740 1027042077
896436814 489145591 -1908916160 -508474384 -1796714560 -539524519 412668385 2014420726 -1605924773 1191818117 -1228917724 1502931886 1202216550 -577329993 1385825528 -619820629 -1692569339 280767453 -156207732 -2064689685 -298042161 961226658 643364609 258438016 347011486 -897619289 -1481474464 295957106 900071847 -1705732333 1655673805 514932963 -284158519 1129229901 -1252679428 1876658804 1478628137 -506111736 -234999068 -244356633 -1976832514 -1012061313 -268557645 1637978373 1749157289 1728735745 618781185 745441986 1998530056 -2073226832 -1817369017 682752926 1477757451 -80860795 -1551872110 1422328909 1495561094 -1063084138 921396851 301574810 313928776 1429747355 -195822279 808152199 369984621 1983203246 -715079583
-1344298512 2114739281 -1163812275 -1453027566 -41798268 616621237 -790458828 806047903 1649698979 -1779790279 704763482 -618857035 2071992550 1589182000 -1828531840 -724358314 1128461463 -734923545 -1347920996 1163800792 1070877828 -855630619 -261476915 642831048 -2047496427 -221705612 2102608264 -1671350261 -2121686879 1499803488 -1903774953 1717669190
1320994558 1963710276 294976127 713363028 -1866924433 1398372433 1856753412 -1363360451 -404169434 -266113494 1912342411 1154121225 -244469338 1449985501 -616983910 -1203318947 297469584 -15340471 -146540760 -131867136 -940416036 -515993579 -1344978556 120394230 392388710 188493540 859331190 -1004238643 1849477036 -861666874
-745219786 1308874710 913849585 259210293 1740831702 1077074933 -268904784 1458672827 -577409698 263235215 1883589018 1970090317 352509400 1525067867 1713096199 2107196147 -1846804156 -497819832 -86669632 -716244666 610882915 1221999044 596065525 -28790440 2127491281 -1647965638 103270259 1814474448 2033561433 295778011 -1206998763 161727321 528109444 -1129459296 440332923 -597522371 748180851 -1075370864 504009466 841092684 2119157486 603504190 1155876050 1706240002 -480111428
670927014 1945481704 -1901869772 -1795226665 1655006248 -877167302 1726329876 1216128995 1962661907 1690616009 1754397584 -1364959818 1709392222 -988531677 -1224353106 984639283 -748676690 485964016 -1032639280 -637011162 842976011 -1629964642 -794212718 328975238 -1600746794 580619328 483281878 -1080722438 2108321786 -1705788237 -787524836 8680606 67713122 -601638654 383707670 -376898298 736063914 1840868619 -205598853 -459474046 -629737192 -679677342 1259009563 154678435 -1004927283 977079668 638133555 2054358782 -968935369 -2143037201 -471741950 -323838161 -196653623 1015038817 -1873031525 974514208 543985646 -1239989473
-1836401781 -1878061254 1987699815 -2099634848 1021777597 1971860450 306943433 946328273 -237348965 493047918 -1808378174 -1476833024 -1001994774 -796906580 -1837060951 71743576 -53220150 -880822809 1460896206 1025047888 -1131509629 1428839769 -874753313 1779373056 477301891 -1534937635 -447066483 1448198391 -1844705881 -1825675288 -1058321552 -227335349 -467804999 -452289862 1985460264 -537637904 -236077767 -1990177329
1455191629 71935072 -1467984484 -178819994 628274700 -1655448479 -1999245449 1232943654 1801727537 -1821087759 -2080759594 1612839990 581838190 1224155657 104945083 134855239 1963232180 -1660578326 1021309551 -673145813 -907885299 -1609051295 -279327635 38576572 998100392 -2048408756
-1786219269 -1247016139 -442056612 1230884050 47626875 275275635 1055750171 2128579163 892306432 1943752710 1524258865 -1258833887 1618987362 -953264243 1834159074 -70562368 367856567 -1290095628 -2036216358 -217095673 2081261232 1315325446 -1443917268 1367123622
580277829 -1247261544 -1387107547 294725258 860443389 -1209608436 1494375192 -1905099798 -1071260778 -1898300307 -1803719791 129855863 -648106710 468609942 1701686229 -279111785 -1498397609 1688114848 1571810641 -1380487963 -1716107179 -847789469 -843352370 -1865063593 734270282
1196766947 639865762 1313663964 -749642735 1913596331 67125980 1084081160 -118247278 -1788090952 342990435 125014321 2106655681 -1669757881 1923699197 -1743351428 1765544372 -466200396 2141772864 -900459942 -1764156520 -1002099920 967591220 137727077 -2021312264 1201531568 1144462134 1089284208 1464531262 71502376 -1241916898 -77790760 599857530 -321717000 1552162980 891271712 465064546 -2007988570 102389759 -1974586947 1307148953 1525928398 -1102335538 -1985512915 -471484109 -780041642 474980411 92099917 1251861625 2126788325 -1996477346 622384620 1659906280 1939352981 532205278
-16440193 1690304486 -944263458 -331467834 -47734214 -642471434 -988189931 924815879 1382384089 -468561682 392548670 2054062521 1727059941 -1285129025 -98162765 245012172 -1608218124 -2076460786 409202004 -1078520872 -1199576277 -427175572 -126274643 928883571 958471428 -1770971958 -1333135529 234017478 -1300350896 1167756331 -1752163682 924787038 530154111 -755142501 -916855196 1730722367 -1611844833 -714658721 2138387780 889662015 -1659925086 -902806675 1677700346 281782160 -1177005213 541949726 -1342789119 1821228701 232575467
-1826111107 -2001373158 833098095 -261414477 -1433600677 1618562134 1114171293 -706767604 686700214 -101222445 254276247 -848571364 1867723388 1941406999 573816895 -407866249 -1385667503 953819076 -544102987 -975201396 1739750322 -888503066 -786035939 195516701 -2138366115 514204812 -886100059 1598207211 1269005040 -3913575 1943644613 -979278928 -529562928 -686762789 124135369 52516689 145166924 956986460 -741591924 -648765869 -348633087 1382402040 -1019345787 -486455666 -1277639553 -1235457489 -1867673849 -936364255
-1731732420 -1665959996 402339238 -1698912920 -1286229914 1077709970 1142524581 558233586 740525461 1701501809 -1238501043 -1733633399 -773412825 -631003956 1741684320 381708758 -5477372 2106830335 -1485469073 -252007544 -444754961 327661593 352430919 1079569600 -855614945 1410277090 1678760107 273621680 249163278 -751115233 257611842 -279826050 -1203143792 -1423201516 186215634 -1046004371 -1786507482 -909809591 1260012718 1584687678 1174006675 428329361 -267658387 -1777095468 -786226000 1127651911 1827947228 -1651600618 -1644522628 -554850341 1839728437 2016683544 -1037338761 -1158681972
866667133 -110667473 -1925581194 -1309264999 -1495383274 -1365310950 1591474383 2059138 -949601841 -516776538 899663213 1111877435 -1668287798 886724494 -1513899893 1844996064 -882700852 -1790309521 -1025806133 693608051 -1148225064 -878192230 1483974014 -1710653749 1652490009 -1927891669 -383345373 488263115 -254082300 -1810677926 -240973779 -1641816363 1852304061 -2089647087 -1660992503 1822864513 -498483270 -1229493315 80693855 -989333367 14416550 -378735000 1377030295 845315848 -1501521785 1132499975 1887263646 1451772131 912842274 -327602672 1541819369 427112839 2006740381 -1340295600 2090018233 1212871636
1977569018 -1443325535 16323160 1270081363 -1634443262 -1447358139 439627456 -62604533 -1433719381 -1047280541 -359568246 -1064118621 -1966750626 -486303209 1019443967 1361939083 2073185726 1199331930 -313441696 1381049771 1522279160 -148048949 518893663 -1846986040 -922013601 -1541023310 1494964176 1722243117 -1826783689 -1151943103 1748883360 987436422 1913647824 1295461660 -773440251 1361222670 505979350 -50345446 -213461769 2027490540 1845902567 124926029 -309452578 379218394 687700326 1971973439 -743447924 -527768568 -1266253938 72381566 -903974036
-1742096694 1169418075 308665083 -2041190584 1249674050 384212206 633165944 -1020416627 -105658183 465262172 -776252457 -1512622847 1146832533 1541499739 -1130173958 864816701 -1474420417 186170102 981567523 640587243 -293720915 -1733466995 348539555 1287847783 119327804 1225231648 -362540329 -291773022 -1777239102 1176220876 1781172308 -834369974 1610044899 1967939732 -1693353631 758188839 -1642320989 -1290396572 569724581 -1897953848 -388955843 -756344493 1627031073 1738178910 -1518009294 -332141528 96037215 -88584473 -279884124 -658558945 800223979 1816162190 -2077422621 490869228 -1952508158 345162065 -194588088 -836237568 1228530569 4346340 -830912958 -233818870 -1688982720
