88664113
-240098749
-38219208
213383704
205599817
126415871
126101438
-4382666
32394527
-139150966
-35360056
32736085
55425405
181977408
191207901
480118323
273250689
285429562
-125227853
-45414218
-208698687
371355241
-25730671
-134339813
87411303
39005503
-60136796
-245580731
19144250
-226668916
169872074
-99909513
301410290
-179722523
-98949670
40230784
-81956203
-157147293
120292678
-129262704
-111743004
130797132
-63493801
161526373
517328004
25085820
-266590468
-135069902
289077906
-403064217
215882206
-75363836
-128900820
-58386579
-78360552
145790171
-77686760
