4084,5263,7192,541,10339,10454,9331,4899,915,87,10093,15828,17963,4777,12669,NA,15819,NA,16128,9115,176,13983,13783,3469,19968,11109,14935,10617,3999,3078,12961,8173,6437,7263,18605,2015,3331,1175,10492,14804,6353,12350,17446,12623,9698,11360,2158,2682
4030,6124,1036,5710,15361,1830,16442,16448,1115,15482,3813,6695,8434,NA,8823,17727,11592,NA,6670,10221,16528,12509,6344,3450,19167,9176,5687,1707,19983,11692,5612,2039,5347,5443,16827,10227,10739,12087,558,11227,1434,14535,11341,7753,1452,1654,10722,4459,4528,6333,2751,14052,18114,17840,6811,NA,6690,8383,32,11378,13855,18145
12640,13480,16390,12551,4386,5290,13810,12473,11615,11521,14476,4431,6811,89,15550,187,17160,14161,5592,4798,11396,9125,10059,10815,4997,14820,1932,14126,17679,18625,19539
10698,5654,8942,14564,9535,15594,16643,18272,4772,15499,17828,NA,5335,6463,15315,4914,NA,15969,9467,19496,17381,8081,5785
11427,5309,1631,12395,1880,16146,12111,18070,11058,5613,10885,4612,19548,18041,15397,5708,6642,6247,15744,19957,1706,11832,5491,14287,5251,17655,7353,8637,16186,17632,19761,290,NA,19728,3532,12401,841,12480,2199,19054,10753,19405,5420,18018,2764,2589,15079,13222,18643,17432,3471,2662,1084,12583,7902,458,7565
6289,7592,7608,7644,6352,15466,13190,4803,8524,15570,5853,7393,2758,4091,10427,19610,6458,11016,14672,19023,5308,NA,11997,5187,18086,15974,8946,5335,NA,2911,11617,19702,9331,12392,2264,6363,14469,NA,9644,12532,5490,13527,13575,NA,7236,8591,3378,4312,18938,8593,15075,11200,733,9309,5234,9734,3456,19867,13616,19110,6914,531,9013,19000
10793,9410,14615,1303,5926,11231,6173,14814,2798,19400,18278,18079,NA,2705,14355,14297,12434,1505,5281,11175,13583,18105,15300,18327
9341,8244,5299,814,19319,5153,2121,14656,15943,2009,19866,14162,3561,8122,600,NA,7335,16340,NA,17956,9561,16066,2575,11852
5455,8609,18765,1064,7519,4925,9309,11842,517,1845,5265,6698,4566,2922,15606,10561,2201,6511,1908,5028,9181,18782,19502,16565,19840,6217,NA,6700,11501,3138,14029,15347,16842,14820,18810,7480,14627,840,410,4495,19869,8041,NA,18572,NA,14645,13919,4022,16498,4648,7155,NA,19509,6548,1128,13807,3917,NA,5198,11117,1264,4097,5497,14168,1093,19380,NA,9003,6462,14362,14387,8403,5978,6829
5206,15619,7394,16562,4026,1565,17014,5578,6826,18480,18760,1259,NA,2011,7941,4048,4118,14552,2816,19887,6568,19183,1284,2676,15903,11803,19744,19951,6160,8679,15149,13190,7890,11544,9145,2768,18520,4778,6600,4901,5202
12220,16320,12574,2554,17332,1359,3375,988,18684,16751,19178,7053,11336,16436,11390,10251,15576,11530,14441,10653,12993,11480,16104,8403,10061,4026,9159,12037,16815,4290,10944,6560,5380,3802,6159,18685,10639,16911,8896,12260,19196,17894,14829,19278,7289
6136,10347,19727,10204,5398,14406,4960,3022,33,12794,10448,2041,3007,5200,3322,14200,7565,2044,19142,16373,8406,14546,8650,3810,8348,NA,15045,17375,12591,16199,17711,9495,13159,1584,7931,6575,17266,19044,3700,8769,1052,4800,9197,NA,12009,7380,NA,16766,1544,15575,18261,16260,NA,8061,18442,19447,7799,15173,6671,11782,11671,19565,6175,5607,8037,11939,5072
2528,12575,11381,2829,19686,3673,4268,6091,1023,3103,19875,8004,14286,5280,16350,NA,16677,2178,NA,4515,NA,8184,NA,19641,9081,8951,8962,18895,1276,6648,1319,16971,15507,18795,12067,15158,NA,6853,3496,13424,4817,4984,12701,10276,5828,9323,7412,13989,15939,3830,17114,NA,15157,5869,NA,5003,5442,6166,7904,4493,15289
328,13158,7071,11290,493,11130,10021,17321,17776,5504,10051,18342,654,19674,18730,NA,13549,18384,1736,17182,16234,NA,8982,3188,17062,8778,NA,18,5122,7045,150,386,15400,3028
5045,8264,18631,15244,1023,1182,17534,7399,14079,11711,5924,17491,8624,13504,NA,6043,2786,NA,5730,13416,14537,4633,NA,12224,6297,5248,17915,NA,4787,18789,19424,19426,3327,NA,6940,1527,6629,11188,9162,19713,2761,8226,14421,2405,9001,8339,19780,18010,2919,16521,10674
12695,13753,3362,672,3592,16082,9028,652,19620,4727,2781,9327,1737,8534,16425,8889,8521,7788,10872,11504,4265,NA,12883,835,6763,NA,6755,1109,3602,12213,3242,NA,17232,15803,1172,19900,10369,3293,9730,15978,13845,11403,17423,16627,10394,10974,15070,NA,3665,10211,11086,6907,19778,15242,17011,7530,18629,18194,7407,4537,9702,8067,NA,12802,487,16735,5529,14385,9640,818,7845,2929,12842,9218,10948,4738
7305,448,17050,9370,10038,14413,6764,10291,8187,12226,2428,NA,10387,5367,1485,19189,3302,12395,9475,9016,9766,14411,6944,10211,12540,NA,19478,18911,8776,19074,6993,19626,12804,3346
4002,19578,7983,11799,4613,19215,12117,17462,4293,6342,11057,16412,NA,11453,5324,NA,5221,7467,NA,15917,16297,12529,17944,16489,14179,4833,10913,1549,15989,8091,1600,6923,4677,11222,6691,17898,19541,175,6118,810,17549,8746
19865,639,11930,15084,8846,13533,5746,37,5672,8619,8839,12243,4296,12849,16724,NA,13969,3697,6707,7091,6533,5323,3439,9346,16812,NA,19005,1070,5308,2469,14645,17396,4610,5915,NA,10406,15992,10090,2956,9230,7394,17136,9682,8250,19908,19268,NA,424,4591,6165,19402,18750,14707,2744,5187,10638,4911,19207,2906,16622,1842,12084
3015,7851,13251,10435,10014,18502,4933,18300,13483,4261,19225,6924,9018,NA,10609,9464,15018,7501,13058,17765,16945,13380,NA,1227,4217,8688,11922,11573,8084,12567,12161,4975,3204,18967,NA,10738,8740,18753,18263,532,NA,12218,15247,5974,13986,706,7048,NA,8777,3433,15194,14404,8758,7693,18258
16217,5978,6533,5789,17180,3979,13302,10357,10852,7608,14593,3980,5554,7960,8561,17152,8337,8389,6734,18885,3370,569,18656,4255
4319,6794,18875,15223,18269,6255,4867,19689,9799,15297,17997,16779,6929,632,3631,19208,6352,18480,3417,4127,8453,14165,19733,4486,6136,11707,13298,13889,7370,566,3614,NA,3868,14610,19744,18423,17017,1256,7912,NA,18913,10313,13947,10870,NA,5891,11746,16197,NA,10899,9638,19932,17902,15909,7009
15282,9702,3126,14852,14301,11869,9107,6022,6627,3835,7674,7023,1856,NA,16749,1466,3712,43,19767,4620,8488,19345,554,4793,2264,16141,16100,14315,4373,NA,77,6964,11581,14863,15819,16825,10293,14302,2432
11615,5370,2690,9808,19810,3870,2699,9597,577,19958,14604,12032,7915,NA,7446,5443,15634,18218,15118,2416,6233,13556,3467,NA,18559,2359,19482,14178,17761,4364,11768
2173,89,13207,136,18609,15867,15469,4936,3451,9154,7935,3081,17784,6182,4146,16432,8847,10880,12590,826,1567,9405,14173,NA,16281,7037,6639,13733,14822,13552,3188,9653,8151,13215,3416,NA,16255,3778,15099,NA,19380,16985,19298,771,456,14680,18832,10145,3768,6052,NA,3088,NA,7504,1087,14035,8921,19383,14071
5209,8363,6017,6309,9257,3968,9893,5460,16937,17574,10436,2295,15533,353,14277,19983,18534,4386,6893,17026,19263,19641,7097,16293,6280,13863,14619,4493,7248,6542,16103,5031,2595,6148,5534,18359,623,15866,10341,7588,2744,6728,574,10079,8973,18309,17340,15605,17304,1992,11001,794,3358,10657,18440,17597,9740,15248,14004,5940,443,2830
3788,3267,15103,6828,2879,5572,16867,7921,4808,18997,9264,12589,5943,11633,17788,975,19384,9810,9532,14302,6889,8576,3562,9729,NA,4002,7673,11009,8268,13665,7794,1009,1314,13050,2353,11380,12567,15312,11186,2521,16536,15900,NA,6866,12987,941,9534,1326,16772,19917
11525,10569,16914,18412,3374,10871,15178,17889,14014,7834,10717,17933,11422,6324,17613,5872,7449,NA,7330,12160,9004,7017,19262,3898,2326,16479,8685,12944,7053,3848,9509,6549,19576,14510,10891,11821,5959,NA,13848,15010,6309,507,14825,6431,18461,2301,6397,5100,NA,620,7691,NA,11430,16358,15041,13236,15528,6901,5283,14617,4957,13153,4166,15364,NA,18145,5914,18245,10514,2750,3415
9714,15298,1857,4511,2910,4729,4821,18521,5229,12182,17,12070,5642,6773,14152,2209,15986,7158,9162,3148,4336
1297,7785,11570,15826,19717,10405,9974,9108,6702,1992,17323,18877,12823,3688,9684,9970,13499,NA,10107,11293,9672,14531,4193,16966,13929,8497,13228,2194,16086,5764,4559,2969,15141,19651,NA,4938,13974,2631,5612,354,4387,5895,14879,17147,4211,17620,17227,1880,4332,14193,9073,5203,18141,16672,12201,13338,NA,19776,6691,17153,12022,2342,16285,18618,18354,7310,19766,18576,19130,18908,1655
4693,14989,2330,11271,7087,8779,10388,11973,18531,3406,3801,11907,17324,8314,14317,14640,16624,19164,13216,3010,6763,15331,9061,NA,8529,11560,18767,6869,1748,9845,1533,15128,11955,14750,5650,13798,4255,5850,4582,18955,9471
16329,7549,10454,7144,257,269,6523,19067,14830,11344,15020,15635,16524,NA,4799,13926,10285,4266,4637,19180,6151,3824,1436,8939,13392,758,11156,7357,365,1733,10864,3199,4378,10411,1480,13414,16457,12295,8757,13213,9624,4584,11974,13034,4795,13405,7451,10180,17638,4621,18718,7870,8304,12717,898,4012,9285,12830,4433,18049,15182
11834,5771,19122,19285,15105,13964,5158,9548,11890,406,15010,3083,14905,1249,10810,4087,17398,8178,17173,9997,16540,7633,12440
6693,1379,1317,6926,6940,9286,14029,3679,10893,6653,1155,6622,11942,19204,NA,10609,17893,11700,15401,NA,4413,14963,NA,15797,5100,2337,11932,2573,17989,6617,18273,1099,13278,6938,3473,19053,12565,16799,4065,3298,17654,15312,10890,9713,8132,18709,11605,6064,1879,1415,6663,15847,7011,NA,12648,10461,16930,1870,8729,14840,14428,11901,8998,15140,1361,10515,4928,19165,4400,9144,1790,19023,2856
1396,19918,13831,11088,9435,5869,19789,7174,8673,19998,10173,336,15437,NA,10091,13438,10043,5945,12532,14901,374,NA,14070,2654,1301,18712,4861,NA,16073,780,746,5951,19940,11438,5523,1484,4526,17408,1563,NA,17514,5580,16193,409,10085,16282,7941,336,7604,4872,9793,861,466,7009,6030,4260,14210,17234,3768,3147,16852
3427,16049,12052,13021,937,17839,17759,1938,5144,6088,12342,6562,16338,6545,18428,14198,8531,6066,17611,17678,6334,NA,13735,15764,14624,NA,12768,2333,11659,15430,13958,1028,18027,NA,10789,7517,7594,13333,16703,NA,1513,3636,17589,5317,15291,5827,2044,217,5923,7443,6305,4493,NA,17489,4089,14120,12262,8003,9435,17014,8892,15587,12980,17083,749
15062,10484,10172,11797,3980,19847,6498,14653,5278,2549,11521,17070,12496,NA,15297,15239,1497,17833,15461,10990,NA,5281,2971,4257,19816,2192,6292
17079,17394,13645,11445,17165,10860,5892,4571,5037,9272,14467,5443,15525,1646,3938,1880,3864,5080,10063,12100,NA,12572,5211,4358,16761,1145,14072,2862,8849,8499,19241,11403,19,16429,13654,14850,1496,4741,19154,17109,9798,1341,203,1152,13124,5328,19361,17811,4079,15518,5083,NA,17988,13113,NA,13918,5468,17656,18224,2164,11026,1173,3647,14036,9814,7248,256,1748,13595,8206,17112
3496,7592,9522,17051,17466,2121,8819,532,13178,15296,11121,932,14015,14774,8622,8582,18631,589,8483,17915,3010,9417
12654,14413,4649,12917,14981,18987,4243,6035,8010,14976,11696,5675,1930,7431,3823,15710,3086,3653,5852,18398,13035,16533,13341,10935,3810,14774,14168,14394,9280,NA,3795,8938,5149,2937,8893,9377,5277,9025,7972,9620,18571,2421,15438,1973,15691,9936,15353,4965,NA,7270,11630,10048,18554,795,4689,2380,15874,17175,5934,18300
14409,537,18357,15539,17446,3951,1582,10697,9856,11109,4050,323,1709,16080,12744,14120,11543,8286,16360,16889,NA,13703,16972,1689,18278,9640,4679,8249,4444,18444,18716,12951,5260,3852,19530,12804,15962,2312,12686,17453,13475,10227,6949,14378,10818,9291
10400,1192,10580,10827,14116,11417,11547,14482,11745,18524,5396,16944,15708,6841,13318,14545,7227,10573,2056,3395,6852,5114,8755,16511,5104,8653,12248,1902,642,12576,NA,5138,NA,6256,11947,3341,18051,19816,3988,NA,15965,5277,18280,17308,3211,14009,348,1502,1089,9007,2336,NA,16564,9672,3170,6946,16647,15998,6315,12291,9583,NA,16877,16598,NA,3758,16753,5821,1641,9829,NA,8780,11130,12154,3266,3151
16640,18783,6956,19434,205,10094,3011,10360,17191,72,11355,10031,NA,823,NA,2198,12404,11590,11365,10421,11255,10149,3608,NA,13724,15929,19248,8464,3880,881,224,3691,14617,19677,15405,2976,15676,17860,6267,7324,18597,NA,19026,10011,16668,7460,15479,18243,18537,10669,3863
12305,2075,14678,15284,16302,8999,13327,15891,4213,6420,14994,16506,18596,NA,9483,5303,4916,5221,NA,8422,3785,7781,16899,308,17766,13315,13338,6955,19568,NA,6583,17867,7853,12683,642
3509,19227,11536,3628,9478,16277,8821,12684,3302,2049,13920,2232,9625,12406,13460,13383,7225,2430,3866,9488,10608,1988,12404,NA,1668,5554,2893,8014,8236
6352,12116,15023,4490,2811,11361,5216,10316,11223,4798,14183,10030,7571,19107,795,NA,11501,6984,4886,12695,12813
8822,12185,15396,7253,11355,1833,1920,164,8909,11862,15046,3583,2763,3045,12546,9788,NA,6079,16759,7448,6236,4330,14255,8890,8144,4763,8485,1679,8441,8493,12973,6918,5962,16375,4483,2918,5169
13024,11490,13333,11356,7624,18540,15864,15273,460,12893,19115,1822,2461,1778,19666,14952,10260,12503,14836,754,13292,197
2241,2058,12269,2959,4986,2912,3106,13038,8148,15295,13559,6195,566,8439,15156,12658,11876,13554,10125,3432,8170,NA,2924,3737,12863,14183,13279,17096
19220,3555,7939,10765,2236,17552,1374,4237,19750,7218,425,11286,14843,491,1825,9578,NA,14467,6945,8194,12405,11314,7238,15649,11973,15077,18197,4750,1279,12072,6851,NA,7932,15125,7181,15474,1575,18492,18470,5088,4735,1579,19904,14596,4381,5618,8710
1366,8989,3558,7231,16183,10578,5065,6923,9622,10020,19203,6807,11297,1199,3134,18521,308,NA,15874,15429,NA,1510,NA,14433,687,8844,16805,8484,10120,16982,14867,14698,NA,12415,2278,5779,11199,13001,5693,789,15870,11459,5438,6504,7772,18053,15736,16452,13446,19475
18458,2975,5253,10502,13622,3755,14669,6718,7176,11669,15063,15922,19607,12230,NA,1877,12842,6553,10710,10657,13587,2759,4813,10017,16059,NA,1867,12251,15015,9378,8324,8059,NA,1146,10461,17051,4763,12857,17608,3704,15940,12054,13992,15567,5780,10128,14884,10266,15941,12254,2377,2405,10839,15817,12097,9025,NA,5540,5300,7129,984,11784,14615,2372
3143,7465,7395,120,8904,14195,8687,12697,1911,14772,13812,1903,5989,8494,510,11046,955,12183,6212,16365,4717,212,6595,15397,9869
11674,8296,5714,12178,8512,8602,12037,17837,66,1498,7920,18167,3654,5158,476,7647,441,6759,16902,7694,16735,3972,16835,9742,NA,5505,15830,12238,12528,2109,3107,5738,58,15952,649,508
14926,4242,8810,1877,18149,11443,14103,17604,10374,16697,19651,18774,11793,1181,11928,NA,5098,15319,19238,16177,11525,1813,13084,11773,16776,6706,14879,15092,9756,10360
17256,7051,1238,16009,5599,10739,1426,17662,18172,1610,18053,5019,9755,3334,19066,1330,10968,681,6721,3086,13559,3290,2286,7056,5451,6451,5702,18333
16861,12458,10458,4056,10804,13183,252,2258,3018,12193,6656,14611,NA,1034,3478,10011,659,NA,3520,NA,16538,12725,10574,16062,19461,19824,13486,7258,1031,950,2033,922,6854,3522,6742,NA,6023,11499,10529,12680,16015,16082,19010,9489,1801,14992,15689,8816,4578,19775,17523,NA,18856,12148,18420,18425,17918,3378,15933,7404
14063,16246,124,2798,11783,4730,19888,10460,5029,63,6701,15763,6407,5200,NA,15748,117,18085,19712,NA,17933,NA,19076,13966,17918,15227,14158,8526,12545,2980,12975,19854,10460,12127,10653,556,714,6186,NA,6398,6526,17958,339,14216,8078,14779,10011,11474,18950,5860,18390,3278,10394,5709,5577,15456,11448,17073
529,3511,18176,10114,11740,1758,17379,3858,800,14382,17925,9595,15745,2898,12782,16333,17478,18283,1766,1693,NA,14883,13161,8553,999,7053,278,12625,11439,17613,16245,4672,14002,15958,15517,10376
18121,9191,19427,936,579,19277,8375,16098,13389,19323,15634,2559,5127,10298,5805,7494,6405,11383,88,4702,17736,16597,14283,4248,19680,6543,5927,9622,13948,11305,3113,18221,8195,1552,14240,13381,19842,2000,NA,6378,964,16767,1759,2557,11679,12838,13263,3022,2239,13936
16710,10922,1532,5850,397,12335,5231,16222,5744,270,9622,NA,16624,1753,6255,NA,4155,9451,1811,19061,19637,NA,18205,19972,12432,7951,19092,5205,41,12961,15940,6092,8542,3541
6077,12869,13786,10884,17456,7979,4915,9070,10340,9360,11610,14575,11623,NA,11816,256,15912,4187,18189,8143,12317,18798,7372,16994,872,13250,334,14845,NA,1434,5479,13513,NA,6843,15713,8193,1070,13950,859,2875,NA,10295,NA,17831,6563,10792,2353,2388,12580,17686,14693,9215,13802,5588,15646
3220,19040,9401,12189,4955,1056,10950,6201,9361,12236,13849,18951,NA,750,5204,1563,19943,8831,11352,1226,8065,7284,14226
14014,5392,14561,3873,15063,8571,16413,4105,12118,7621,201,9446,13115,16452,1126,1927,12898,8262,NA,2445,13192,NA,4084,18246,548,18621,NA,9732,3065,268,16614,2073,NA,2368,19060,9572,4737,5677,12972,8566,NA,15656,7412,4153,838,15501,12223,11274,6027,13738,14393,12517,NA,3828,2879,5675,1984,18869,9898,5905,17637,16444,8356,5932
14854,4997,12931,9699,19907,16406,8144,136,3209,5745,103,18065,1269,9253,12631,NA,12800,15321,8423,18830,2854,17909,7855,9557,2438,11070,12906,19021,19627,8091,11419,11364,NA,11114,19315,7795,1548,13069,NA,5886,19384,2194,10885,13936,12040,NA,17438,13523,4413,19002,19209,4965,12109,12214,14,9191,2875,4530,13176,1290,12976,15778,8421,16050,3911,11398,13395,19447,3688,14744,NA,15462,12232,7005,13631,15651,14469,19049,17784
15325,3283,9711,11629,7530,686,2362,13994,13781,12807,221,2913,145,9949,NA,18854,15461,16089,11110,4350,19770,NA,3755,7090,5952,18750,8614,3763,3403,19772,8141,13538,19046,3467,5719,10513,NA,9240,18687,19552,12733,NA,18563,16989,16074,17530,18498,2017,NA,15256,1350,1984,3096,16474,17127,12098,7450,4224,NA,11994,NA,10459,5186,7709,17678,3963,7313,14462,17720,10153,16506,4043,8801,7881,1014,3263,12598
1613,3932,2959,8897,6144,15386,18117,8436,16603,18924,3232,12737,NA,14532,255,11094,11922,15558,16874,12176,4826,16625,5337,15556,NA,8090,10189,17214,3904,11814,10013,NA,4517,13041,2091,12074,1173,12627,760,18084,13601,17947,7027,12116,4099,1550,7378,7906,16011,2363,2111,6327,11636,3847,16732,3338,2269
6228,19049,740,16377,10809,16737,14951,11306,16263,11653,1607,7603,12192,822,10167,17207,3065,19054,14777,NA,2117,8261,3321,19039,19945,17555,2011,NA,3348,17610,12285,11741,NA,18666,10865,18555,NA,14807,3518,16606,16251,12640,8063,1763,NA,5744,476,10306,2176,18732,1702,8177,18354,5513,8621,10740,NA,17966,12610,10132,4878,6160,2100,13176,7620,10739,981,12370,9647,3818,5046,4662,13419,8771,10525,9609,17354,19507,6236
6340,1652,16312,9140,11198,17945,14978,7516,9846,5183,8685,15568,2167,5217,9829,5085,NA,5397,14315,NA,17770,652,15843,7142,8786,544,311,7886,15437,10300,17604,7698,9164,8631,NA,3903,13509,3516,19730,2540,10472
15377,15734,19650,7629,11340,6317,14021,851,12683,13278,2315,1918,3823,2069,17100,NA,10962,12934,410,4346,874,NA,7440,3874,NA,6753,10290,1326,3420,14008,7813,11745,46,19057,12193,14882,10374,5440,6671,14857,1170,2532,7282,11168,12274,16753,3632,14782,NA,5724,7573,2697,1020,19956,4020,1290,NA,6244,13187,3764,18654,15804,3225,11294,NA,15459,1369,3922,364,19273,3561,5563
16553,2578,5200,15021,15687,1704,8908,15190,7690,3048,15209,19494,NA,7291,4436,11844,14024,3599,8254,19882,14795,NA,4085,12572,6956,19448,341,13046,6124,19327,13544,549,7135,3485,9574,14067,7799,10969,NA,18388,1362,4948,9481,17703,5496,19367,NA,19957,18980,8617,15328,8843
14869,18752,1310,16396,13952,16873,7206,16726,102,18150,4848,9426,3584,15457,NA,10791,2317,19539,12963,6480,7430,19359,1179,NA,9848,14634,6585,6032,8138,2216,7066,10907,6705,NA,9111,11895,9948,13631,1059,19139,11166,18165,16105,9114,8322,715,5766,17334,12004,15631,6197,54,4317,16669,2413,10652,18358
3844,2670,16586,13580,6817,7885,3947,15293,10026,7591,8293,10401,18520,16148,11584,12848,512,16265,4533,NA,11914,4547,16348,15173,10917,3887,3167,8338,7479,14257,5221,9026,3598,11038
8833,5199,11623,17328,4310,1466,15884,16481,722,16213,18022,9488,6059,11893,17671,6919,NA,6985,11055,117,3112,9136,11770,13428,19063,NA,1272,13280,15307,14163,11459,17807,19790
5758,8521,10889,325,7304,2884,14614,2125,12890,11321,9401,NA,8303,NA,8282,NA,2000,3924,8524,5819,1399,8474,4320,NA,13632,9172,6147,NA,15145,4671,15482,18887,8092,7376,13824,18710,4230,19097,9138,2378,2924,14931,16680,10464,13235,8055,NA,16810,10144,13202,2295,17111,8399,13137,16905,4995,16158,5676,7145,17090,842,4462,9886,14220,3784,3845,1943,NA,19769,14059,6019,19987,18132,1867
16424,15815,16870,7564,9185,4437,11619,10765,4660,19941,5040,8890,14914,8590,5515,18562,NA,19596,11776,17257,7551,3145,9921,17006,932,NA,3186,NA,14792,12387,330,12800,7377,NA,12387,14035,4882,11166,5195,6265,4436,7656,NA,267,NA,411,19909,16927,17412,NA,9909,NA,4933,19277,2180,4344,11865,6600,11432
5288,5892,18466,10391,1301,6857,18027,7493,12959,16023,17123,NA,16709,9819,3760,7507,6142,1794,10436,2216,8023,NA,18734,10102,7417,5066,17403,3732,2451,4660,13296,11220,9271,2953,6656,19777,6398,12877,6385,5466,16736,11191,5058,4142,14632,NA,1326,7062,13992,12442,NA,6996,5772,4942,2871,11675,9873,NA,13699,5673,3420,12688,11473,15164,7657,2889,1699
14719,17847,19440,28,6631,14460,2412,16518,10200,19083,7459,13686,2886,5113,19533,10559,11212,2145,12551,14924
13817,5674,13300,15549,7084,9158,1589,11175,8274,9093,19054,2421,15032,17577,6721,10917,11226,NA,9586,6174,4115,5611,3872,10056,16348,6133,16946,NA,8130,8577,11199,NA,1693,NA,8900,6839,16922,7471,10886,496,18677,19490,16082,13473,3852,8802,19069,7870,11258,1891,12388
3010,3973,18779,12990,11638,11879,16212,5325,3490,284,491,4201,18329,9274,17250,10783,13379,46,14692,7253,16049,10956,16938,16047,19235,280,14894,18180,17454,16624,4465,4831,NA,324,6594,8828,9908,16368,12449,7411,5677,3103,NA,615,4068,5972,3382,1274,NA,14610,3838,11727,5420,13077,17365,9928,19723,12359,12190,NA,1099,4073,15193,2382,7706,2690,4138,17151,7047,1516,16872
12416,19719,11120,4887,3464,18948,439,13649,9077,15388,13873,17036,5938,18142,3263,15149,15404,NA,18929,15709,10020,706,3404,18470,6128,3856,11179,17401,14348,206,3956,16360,11410,8691,16644,4973,16236,15071,2679
13967,18411,764,4097,10399,5962,14908,17214,9721,5954,18271,11367,6034,15542,1636,9420,12399,1855,14737,9482,9378,13927,7820,5362,13388,11216,4523,19171,18082,4462,8363,5625,5605,16919,8976,8331,7619,19587,11635,18482,16907,15908,917,14144,2263,19987,9722,NA,4737,5576,9888,13645,11051,6671,7476,939,12573,9258,8544,4234,5164,19724,9017,11605,2479,4590,11792
11301,15495,6364,7127,7037,11089,9800,12110,7929,9518,12781,1468,13310,6278,9155,4008,2117,5828,17439,1289,10438,882,16204,1303,15159,5221,NA,10050,7371,6263,NA,19011,14786,NA,1357,9626,2636,16798,17337,14810,NA,16915,2420,18404,270,11190,7957,17183,17828,1472,19486,10899,2193,NA,497,18103,8179,16451,11058,15938,NA,5766,7439,3095,7939,10519,5108,16070,472,15617,18599,19526,14772,12047,13836,10001,2179
5983,5594,8270,13361,16971,19267,10632,16610,7994,1595,14900,15359,5866,1270,7852,15305,19694,5704,2900,6359,4084,14310,NA,17998,2454,17953,6493,4679,13689,3714,6240,11204,7515,3784,17043,904,11638,4046,2921,275,14790,673,18581,17142,5480,3651,5604,9103,4377,9978,782,10064,18809,NA,15864,5746,8419,13366,7161,NA,13555,5495,17809,5520,19353
10704,13291,10053,8225,7481,7422,3445,7757,9089,99,2251,10788,2463,14812,13037,NA,15835,19596,4751,15884,10801,19336,7349,645,1208,14100,7999,19255,7999,NA,3865,16308,2203,4540,4918,5932,10761,11465,NA,14421,3445,14946,14814,467
18646,17050,11322,6827,1672,12836,17005,9200,14908,11624,17213,6428,14577,4688,8607,9889,6502,4315,NA,1082,11089,17614,NA,18645,NA,12800,7007,17044,167,5771,9712,7127,NA,4560,10320,1635,2762,5760,7580,6035,18529,18056,16220,646,15342,16327,14617,NA,13653,13297,NA,9152,12430,3251,17662,7238,5818
6084,2824,6055,12242,11927,14933,12940,18127,10471,12706,5853,18461,16291,NA,1665,12156,10542,NA,3019,17426,15437,14325,1455,17628,8203,17930,6181,1364,16497,9547,15690,1963,13321,15559,7122,5959,7301,18693,4113,8891,10438,9729,1840,11583,10056
15401,5307,12661,8796,17456,2734,12620,7622,16666,6072,9433,13794,17230,4308,19580,14030,14382,6859,18654,1036,NA,3057,12518,5636,413,4581,211,3269,4746,NA,7928,2699,17486,NA,728,76,17924,13334,6097,NA,316,12456,172,14263,3838,13051,683,311,NA,19591,NA,7202,NA,14502,19476,1550,9482,946,16652,8300
4325,3106,4676,18427,19588,18897,11897,349,4670,16418,8616,5835,14205,19750,4856,5813,8650,16083,16001,19262,7632,15086,18704,19027,9324,4720,NA,195,6429,16502,16432,19407,NA,5488,18346,9206,6654,16279,1240,16710,NA,15025,19425,2409,562,1293,1067,2508,2384,8791,6529,8140,4343
17204,2171,3245,4261,3757,1924,6810,6159,7104,17040,19801,10179,1456,460,11795,9411,6231,NA,3863,9278,9185,12307,4581
5199,15861,3530,5978,9902,14424,1404,14880,14454,16131,18525,NA,18204,3362,8213,6567,9623,18557,19666,9599,NA,18158,1548,13299,12133,13584,5619,15591,17682,5080,349,11023,3310,19594,12880,17312,2482,19663,12106,7207,1766,11687,11918,11140,474,18825,19405,1256,13863,6039,13151,8830,18265,19320,4601,7732,5534,16585,19492,3794,724,10060,14674,17539,3148,18371,17459,10016,12739,16609,17836,7176,13025,18552,18477,5319
10066,4518,4126,1640,571,2902,17945,1884,11276,12277,4828,NA,14707,5036,17682,17051,17378,8939,5162,3603,590,16602,9633,1917,1769,808,7666,19488,2078,13402,8652,5199,5976,7511,3761,NA,8504,4908,8085,1599,4020,NA,19807,13393,NA,9477,14307,1567,14406,4037,19437,NA,274,11043,16331,11045,8037,10952,295,18922,8691,5533,9692,13565
1970,14698,9244,14150,3936,12785,14574,14896,13399,1926,12604,5587,2656,1822,14004,13388,16686,8120,19989,14140,11041,3327,12338,7663,4521,13658,13217,NA,11672,375,1436,7871,15872
1584,17364,10135,6060,15438,8104,19711,7618,15964,472,8690,17662,12103,NA,17421,8540,13807,7486,5102,11867,6655,6618,5425,15191,5607,6553
